_3d______
origin =[-0.604232;-0.198904;0.809571;];
centroid =[-0.567655;-0.586618;-0.603988;];
radius = 0.0405971;
normal =[ 0.900956;0.433869;0.00600082];
sym_axis =[ 0.0186012;-0.0248012;-0.999519]
merged = 1
merge_weight = 0

plot_normal=[normal';origin']
plot3()
